0001100100101111
1110101110001010
1101001111111100
1001100101000110
0110011000100110
0010011110110100
0010010010110000
0110101010010111
1111001010110110
0111110011011110
1110001110001000
1111110010010001
1111001100010100
1000011110010001
0101100011110010
1010100110000100
1111111010110000
1111001011110111
1110101010000100
0010001111111110
0000100001010100
1100000011011101
1101010001110011
0000110010000110
0101101100011011
0111000001111101
1001101010000111
1011110000000101
0001110101110000
0111100111010010
1011001100010010
1011001000000000
