1011001000000000
1011001000000000
1011001000000000
1011001000000000
1011001000000000
1011001000000000
1011001000000000
1011001000000000
1011001000000000
1011001000000000
1011001000000000
1011001000000000
1011001000000000
1011001000000000
1011001000000000
1011001000000000
1011001000000000
1011001000000000
1011001000000000
1011001000000000
1011001000000000
1011001000000000
1011001000000000
1011001000000000
1011001000000000
1011001000000000
1011001000000000
1011001000000000
1011001000000000
1011001000000000
1011001000000000
1011001000000000
